3
5
6
7
8
11
14
16
17
21
22
25
28
29
30
31
32
33
34
35
37
38
40
41
42
45
46
47
48
49
51
52
53
54
55
56
58
59
60
62
63
64
67
68
69
70
72
74
76
77
78
79
80
81
83
84
86
89
90
91
92
93
96
97
98
99
100
101
103
104
105
106
107
108
109
111
112
113
115
117
119
120
121
123
127
128
129
131
133
134
135
136
138
139
140
142
143
144
145
146
147
148
149
150
151
152
155
156
157
159
160
162
163
164
165
166
169
170
171
172
174
175
176
177
179
180
181
182
184
185
186
187
188
190
193
194
195
196
197
198
201
202
204
205
208
209
210
211
212
213
214
216
217
218
219
220
221
223
224
227
228
229
230
231
232
233
234
235
236
237
238
239
240
241
242
244
247
248
249
250
252
253
254
255
256
257
258
259
261
265
266
267
268
269
271
272
273
278
279
280
281
283
284
286
287
290
291
292
294
295
296
299
300
301
302
303
304
305
306
310
311
312
314
316
317
319
320
321
322
325
326
327
328
329
330
331
332
333
335
336
337
338
339
340
343
345
346
347
349
351
352
353
354
355
356
357
358
360
361
362
364
365
366
367
369
371
372
373
374
375
376
377
378
379
380
381
382
383
384
388
389
390
394
395
396
397
398
399
400
401
402
403
404
405
406
407
408
409
410
411
412
413
417
418
419
420
422
423
424
425
426
427
428
429
431
433
435
436
437
438
439
440
441
442
443
445
447
448
449
450
452
453
454
455
457
459
460
461
463
464
465
466
467
469
471
473
474
475
476
477
478
479
480
481
482
483
485
486
487
488
489
490
491
492
494
495
496
499
500
501
502
504
505
506
508
509
510
511
512
513
515
517
518
519
520
521
522
523
525
529
530
531
532
533
534
536
537
538
540
541
542
543
544
545
547
548
549
550
552
553
554
555
556
557
558
559
560
562
564
566
569
570
573
574
575
578
581
583
584
585
586
590
591
592
593
594
595
596
597
598
599
600
602
604
605
609
611
613
614
616
617
619
622
623
624
625
626
627
632
634
635
636
638
640
641
642
643
644
645
646
647
648
649
650
651
652
653
654
655
656
657
658
659
660
661
662
665
666
667
668
669
670
672
673
674
675
676
677
678
682
